1 1 
2 1 
3 3 
4 1 
5 1 
6 1 
7 1 
8 3 
9 3 
10 1 
11 3 
12 3 
13 3 
14 1 
15 3 
16 3 
17 3 
18 1 
19 3 
20 3 
21 3 
22 3 
23 1 
24 3 
25 1 
26 3 
27 3 
28 3 
29 3 
30 1 
31 1 
32 3 
33 3 
34 3 
35 3 
36 1 
37 1 
38 1 
39 3 
40 1 
41 3 
42 1 
43 3 
44 1 
45 1 
46 3 
47 3 
48 1 
49 1 
50 2 
51 1 
52 1 
53 1 
54 3 
55 1 
56 3 
57 1 
58 3 
59 1 
60 3 
61 1 
62 3 
63 3 
64 3 
65 1 
66 3 
67 1 
68 1 
69 1 
70 3 
71 3 
72 2 
73 1 
74 1 
75 3 
76 3 
77 3 
78 2 
79 2 
80 1 
81 3 
82 3 
83 2 
84 2 
85 2 
86 2 
87 2 
88 2 
89 2 
90 1 
91 3 
92 3 
93 1 
94 3 
95 3 
96 3 
97 2 
98 3 
99 3 
100 3 
101 3 
102 3 
103 1 
104 3 
105 3 
106 1 
107 1 
108 1 
109 3 
110 3 
111 3 
112 1 
113 1 
114 3 
115 1 
116 1 
117 3 
118 2 
119 2 
120 2 
121 3 
122 2 
123 2 
124 2 
125 3 
126 2 
127 3 
128 2 
129 2 
130 3 
131 1 
132 3 
133 3 
134 2 
135 1 
136 3 
137 3 
138 3 
139 3 
140 1 
141 3 
142 3 
143 2 
144 3 
145 2 
146 3 
147 1 
148 1 
149 3 
150 3 
151 1 
152 2 
153 1 
154 3 
155 3 
156 3 
157 2 
158 2 
159 3 
160 3 
161 3 
162 3 
163 1 
164 2 
165 1 
166 1 
167 1 
168 3 
169 3 
170 3 
171 2 
172 3 
173 2 
174 2 
175 1 
176 3 
177 2 
178 3 
179 3 
180 3 
181 2 
182 2 
183 2 
184 2 
185 1 
186 1 
187 2 
188 2 
189 2 
190 2 
191 3 
192 3 
193 3 
194 3 
195 1 
196 2 
197 2 
198 3 
199 3 
200 3 
201 3 
202 3 
203 2 
204 2 
205 2 
206 2 
207 2 
208 2 
209 2 
210 2 
211 2 
212 2 
213 2 
214 3 
215 2 
216 3 
217 3 
218 3 
219 3 
220 3 
221 3 
222 2 
223 3 
224 3 
225 3 
226 1 
227 1 
228 1 
229 1 
230 1 
231 1 
232 1 
233 1 
234 1 
235 1 
236 1 
237 1 
238 1 
239 1 
240 1 
241 1 
242 1 
243 1 
244 1 
245 3 
246 1 
247 1 
248 3 
249 1 
250 2 
251 2 
252 2 
253 1 
254 1 
255 1 
256 1 
257 2 
258 3 
259 1 
260 1 
261 1 
262 1 
263 1 
264 3 
265 1 
266 1 
267 1 
268 1 
269 1 
270 1 
271 1 
272 1 
273 1 
274 1 
275 1 
276 2 
277 2 
278 1 
279 1 
280 3 
281 2 
282 2 
283 3 
284 1 
285 2 
286 2 
287 2 
288 1 
289 2 
290 1 
291 1 
292 3 
293 2 
294 2 
295 2 
296 1 
297 1 
298 3 
299 1 
300 2 
301 2 
302 1 
303 1 
304 1 
305 1 
306 3 
307 2 
308 3 
309 1 
310 1 
311 1 
312 1 
313 1 
314 1 
315 1 
316 1 
317 1 
318 1 
319 1 
320 2 
321 2 
322 3 
323 3 
324 3 
325 3 
326 1 
327 3 
328 1 
329 1 
330 1 
331 1 
332 1 
333 1 
334 1 
335 1 
336 1 
337 1 
338 1 
339 3 
340 1 
341 1 
342 1 
343 3 
344 1 
345 1 
346 1 
347 1 
348 1 
349 1 
350 1 
351 1 
352 1 
353 1 
354 1 
355 1 
356 1 
357 1 
358 3 
359 3 
360 1 
361 1 
362 1 
363 1 
364 1 
365 3 
366 1 
367 1 
368 1 
369 1 
370 1 
371 1 
372 1 
373 1 
374 1 
375 1 
376 3 
377 2 
378 3 
379 3 
380 1 
381 1 
382 2 
383 2 
384 2 
385 2 
386 2 
387 1 
388 1 
389 1 
390 3 
391 3 
392 2 
393 3 
394 1 
395 3 
396 2 
397 3 
398 3 
399 2 
400 2 
401 1 
402 2 
403 3 
404 1 
405 1 
406 1 
407 1 
408 3 
409 1 
410 1 
411 3 
412 1 
413 3 
414 3 
415 1 
416 1 
417 1 
418 1 
419 1 
420 3 
421 2 
422 3 
423 1 
424 2 
425 3 
426 2 
427 3 
428 3 
429 2 
430 3 
431 3 
432 3 
433 3 
434 3 
435 3 
436 3 
437 3 
438 3 
439 3 
440 3 
441 3 
442 3 
443 3 
444 3 
445 3 
446 3 
447 3 
448 3 
449 3 
450 3 
451 3 
452 3 
453 3 
454 3 
455 3 
456 3 
457 3 
458 2 
459 3 
460 3 
461 3 
462 3 
463 1 
464 3 
465 3 
466 3 
467 3 
468 3 
469 3 
470 3 
471 3 
472 3 
473 3 
474 3 
475 3 
476 3 
477 3 
478 3 
479 2 
480 3 
481 3 
482 3 
483 3 
484 2 
485 2 
486 2 
487 3 
488 3 
489 2 
490 1 
491 3 
492 3 
493 3 
494 1 
495 3 
496 3 
497 3 
498 3 
499 3 
500 3 
501 3 
502 1 
503 3 
504 3 
505 3 
506 3 
507 3 
508 3 
509 2 
510 3 
511 2 
512 2 
513 3 
514 3 
515 2 
516 3 
517 3 
518 3 
519 3 
520 3 
521 3 
522 3 
523 3 
524 3 
525 3 
526 3 
527 3 
